index, frame, sample, time, raw[0], cal[0], raw[1], cal[1], raw[2], cal[2]
0,10,0,0.00987013,0,0,0,0,0,0
1,10,1,0.0197403,0,0,0,0,0,0
2,10,2,0.0296104,0,0,0,0,0,0
3,10,3,0.0394805,0,0,0,0,0,0
4,11,0,0.0493506,0,0,0,0,0,0
5,11,1,0.0592208,0,0,0,0,0,0
6,11,2,0.0690909,0,0,0,0,0,0
7,11,3,0.078961,0,0,0,0,0,0
8,12,0,0.0888312,0,0,0,0,0,0
9,13,0,0.0987013,0,0,0,0,0,0
10,14,0,0.108571,0,0,0,0,0,0
11,15,0,0.118442,0,0,0,0,0,0
12,16,0,0.128312,0,0,0,0,0,0
13,17,0,0.138182,0,0,0,0,0,0
14,18,0,0.148052,0,0,0,0,0,0
15,19,0,0.157922,0,0,0,0,0,0
16,20,0,0.167792,0,0,0,0,0,0
17,21,0,0.177662,0,0,0,0,0,0
18,22,0,0.187532,0,0,0,0,0,0
19,23,0,0.197403,0,0,0,0,0,0
20,24,0,0.207273,0,0,0,0,0,0
21,25,0,0.217143,0,0,0,0,0,0
22,26,0,0.227013,0,0,0,0,0,0
23,27,0,0.236883,0,0,0,0,0,0
24,28,0,0.246753,0,0,0,0,0,0
25,29,0,0.256623,0,0,0,0,0,0
26,30,0,0.266494,0,0,0,0,0,0
27,31,0,0.276364,0,0,0,0,0,0
28,32,0,0.286234,0,0,0,0,0,0
29,33,0,0.296104,0,0,0,0,0,0
30,34,0,0.305974,0,0,0,0,0,0
31,35,0,0.315844,0,0,0,0,0,0
32,36,0,0.325714,0,0,0,0,0,0
33,37,0,0.335584,0,0,0,0,0,0
34,38,0,0.345455,0,0,0,0,0,0
35,39,0,0.355325,0,0,0,0,0,0
36,40,0,0.365195,0,0,0,0,0,0
37,41,0,0.375065,0,0,0,0,0,0
38,42,0,0.384935,0,0,0,0,0,0
39,43,0,0.394805,0,0,0,0,0,0
40,44,0,0.404675,0,0,0,0,0,0
41,45,0,0.414545,0,0,0,0,0,0
42,46,0,0.424416,0,0,0,0,0,0
43,47,0,0.434286,0,0,0,0,0,0
44,48,0,0.444156,0,0,0,0,0,0
45,49,0,0.454026,0,0,0,0,0,0
46,50,0,0.463896,0,0,0,0,0,0
47,51,0,0.473766,0,0,0,0,0,0
48,52,0,0.483636,0,0,0,0,0,0
49,53,0,0.493506,0,0,0,0,0,0
50,54,0,0.503377,0,0,0,0,0,0
51,55,0,0.513247,0,0,0,0,0,0
52,56,0,0.523117,0,0,0,0,0,0
53,57,0,0.532987,0,0,0,0,0,0
54,58,0,0.542857,0,0,0,0,0,0
55,59,0,0.552727,0,0,0,0,0,0
56,60,0,0.562597,0,0,0,0,0,0
57,61,0,0.572468,0,0,0,0,0,0
58,62,0,0.582338,0,0,0,0,0,0
59,63,0,0.592208,0,0,0,0,0,0
60,64,0,0.602078,0,0,0,0,0,0
61,65,0,0.611948,0,0,0,0,0,0
62,66,0,0.621818,0,0,0,0,0,0
63,67,0,0.631688,0,0,0,0,0,0
64,68,0,0.641558,0,0,0,0,0,-0.0933172
65,69,0,0.651429,0,0,0,0,0,-0.167971
66,70,0,0.661299,0,0,0,0,0,-0.223961
67,71,0,0.671169,0,0,0,0,0,-0.354605
68,72,0,0.681039,0,0,0,0,0,-0.447922
69,73,0,0.690909,0,-0.0002,0,-0.0202632,0,-0.503913
70,74,0,0.700779,0,-0.0004,0,-0.0202632,0,-0.709211
71,75,0,0.710649,-1,-0.0006,-1,-0.0202632,-1,-1.02649
72,76,0,0.720519,-1,-0.001,0,-0.0405263,1,-1.3251
73,77,0,0.73039,-1,-0.0014,0,-0.0405263,0,-1.77303
74,78,0,0.74026,-2,-0.0018,-1,-0.0405263,-1,-2.22095
75,79,0,0.75013,-2,-0.0026,0,-0.0810526,1,-2.74353
76,80,0,0.76,-3,-0.0038,-1,-0.121579,-1,-3.21011
77,81,0,0.76987,-5,-0.0052,-2,-0.141842,-1,-3.6767
78,82,0,0.77974,-7,-0.0072,-2,-0.202632,0,-4.10596
79,83,0,0.78961,-9,-0.0096,-2,-0.243158,0,-4.36724
80,84,0,0.799481,-12,-0.0124,-3,-0.283684,-1,-4.42323
81,85,0,0.809351,-15,-0.0156,-3,-0.324211,0,-4.55388
82,86,0,0.819221,-19,-0.0194,-4,-0.385,-1,-4.55388
83,87,0,0.829091,-23,-0.0236,-4,-0.425526,0,-4.51655
84,88,0,0.838961,-28,-0.0282,-5,-0.466053,-1,-4.62853
85,89,0,0.848831,-33,-0.0332,-5,-0.506579,0,-4.68452
86,90,0,0.858701,-38,-0.0388,-5,-0.567368,0,-4.5912
87,91,0,0.868571,-44,-0.0446,-6,-0.587632,-1,-4.6472
88,92,0,0.878442,-51,-0.051,-7,-0.648421,-1,-4.6472
89,93,0,0.888312,-57,-0.058,-6,-0.709211,1,-4.60987
90,94,0,0.898182,-65,-0.0654,-8,-0.749737,-2,-4.62853
91,95,0,0.908052,-73,-0.073,-8,-0.77,0,-4.5912
92,96,0,0.917922,-81,-0.0814,-8,-0.851053,0,-4.60987
93,97,0,0.927792,-89,-0.09,-8,-0.871316,0,-4.57254
94,98,0,0.937662,-99,-0.099,-10,-0.911842,-2,-4.57254
95,99,0,0.947532,-108,-0.1086,-9,-0.972632,1,-4.53521
96,100,0,0.957403,-118,-0.1186,-10,-1.01316,-1,-4.66586
97,101,0,0.967273,-129,-0.129,-11,-1.05368,-1,-4.62853
98,102,0,0.977143,-139,-0.14,-10,-1.11447,1,-4.6472
99,103,0,0.987013,-151,-0.1514,-12,-1.155,-2,-4.62853
100,104,0,0.996883,-163,-0.163,-12,-1.17526,0,-4.6472
101,105,0,1.00675,-175,-0.1754,-12,-1.25632,0,-4.60987
102,106,0,1.01662,-187,-0.1882,-12,-1.29684,0,-4.53521
103,107,0,1.02649,-201,-0.2012,-14,-1.31711,-2,-4.51655
104,108,0,1.03636,-215,-0.2148,-14,-1.37789,0,-4.55388
105,109,0,1.04623,-228,-0.229,-13,-1.43868,1,-4.55388
106,110,0,1.0561,-243,-0.2434,-15,-1.45895,-2,-4.49789
107,111,0,1.06597,-258,-0.2582,-15,-1.49947,0,-4.59121
108,112,0,1.07584,-273,-0.2736,-15,-1.56026,0,-4.6472
109,113,0,1.08571,-289,-0.2894,-16,-1.60079,-1,-4.46056
110,114,0,1.09558,-305,-0.3056,-16,-1.64132,0,-4.25526
111,115,0,1.10545,-322,-0.3224,-17,-1.70211,-1,-3.97531
112,116,0,1.11532,-339,-0.3396,-17,-1.74263,0,-3.45274
113,117,0,1.12519,-357,-0.3572,-18,-1.78316,-1,-2.72486
114,118,0,1.13506,-375,-0.375,-18,-1.80342,0,-1.58639
115,119,0,1.14494,-393,-0.393,-18,-1.82368,0,0.205298
116,120,0,1.15481,-411,-0.411,-18,-1.82368,0,2.37026
117,121,0,1.16468,-429,-0.429,-18,-1.82368,0,4.72185
118,122,0,1.17455,-447,-0.4468,-18,-1.80342,0,7.16676
119,123,0,1.18442,-465,-0.4636,-18,-1.70211,0,9.05177
120,124,0,1.19429,-482,-0.4788,-17,-1.54,1,10.2089
121,125,0,1.20416,-495,-0.4926,-13,-1.39816,4,10.6941
122,126,0,1.21403,-505,-0.5048,-10,-1.23605,3,10.5635
123,127,0,1.2239,-516,-0.5154,-11,-1.07395,-1,9.68632
124,128,0,1.23377,-526,-0.5254,-10,-1.01316,1,8.24924
125,129,0,1.24364,-535,-0.5352,-9,-0.992895,1,6.58819
126,130,0,1.25351,-545,-0.5446,-10,-0.952368,-1,5.48705
127,131,0,1.26338,-554,-0.5536,-9,-0.911842,1,5.26309
128,132,0,1.27325,-563,-0.5624,-9,-0.891579,0,5.99096
129,133,0,1.28312,-571,-0.5708,-8,-0.851053,1,7.74533
130,134,0,1.29299,-579,-0.579,-8,-0.830789,0,9.74231
131,135,0,1.30286,-587,-0.5862,-8,-0.729474,0,11.478
132,136,0,1.31273,-595,-0.5916,-8,-0.547105,0,12.3179
133,137,0,1.3226,-599,-0.5952,-4,-0.364737,4,12.4112
134,138,0,1.33247,-598,-0.5968,1,-0.162105,5,11.4967
135,139,0,1.34234,-597,-0.5968,1,2.98023e-09,0,9.92895
136,140,0,1.35221,-595,-0.5956,2,0.121579,1,7.54003
137,141,0,1.36208,-595,-0.5946,0,0.101316,-2,4.90848
138,142,0,1.37195,-593,-0.5936,2,0.101316,2,2.48224
139,143,0,1.38182,-593,-0.593,0,0.0607895,-2,0.634557
140,144,0,1.39169,-592,-0.5924,1,0.0607895,1,-0.466586
141,145,0,1.40156,-592,-0.592,0,0.0405263,-1,-0.858518
142,146,0,1.41143,-592,-0.5916,0,0.0405263,0,-0.615893
143,147,0,1.4213,-591,-0.5914,1,0.0202632,1,-0.410596
144,148,0,1.43117,-591,-0.591,0,0.0405263,-1,-0.242625
145,149,0,1.44104,-591,-0.5906,0,0.0405263,0,-0.223961
146,150,0,1.45091,-590,-0.5902,1,0.0405263,1,-0.261288
147,151,0,1.46078,-590,-0.5898,0,0.0405263,-1,-0.261288
148,152,0,1.47065,-589,-0.5894,1,0.0405263,1,-0.242625
149,153,0,1.48052,-589,-0.5892,0,0.0202632,-1,-0.317278
150,154,0,1.49039,-589,-0.589,0,0.0202632,0,-0.279952
151,155,0,1.50026,-589,-0.589,0,0,0,-0.130644
152,156,0,1.51013,-589,-0.5888,0,0.0202632,0,0.0186634
153,157,0,1.52,-589,-0.5886,0,0.0202632,0,0.261288
154,158,0,1.52987,-588,-0.5884,1,0.0202632,1,0.578566
155,159,0,1.53974,-588,-0.5882,0,0.0202632,-1,0.839855
156,160,0,1.54961,-588,-0.5878,0,0.0405263,0,1.02649
157,161,0,1.55948,-588,-0.5874,0,0.0405263,0,1.02649
158,162,0,1.56935,-587,-0.5868,1,0.0607895,1,0.951835
159,163,0,1.57922,-586,-0.586,1,0.0810526,0,0.727874
160,164,0,1.58909,-585,-0.585,1,0.101316,0,0.373269
161,165,0,1.59896,-584,-0.584,1,0.101316,0,1.19209e-08
162,166,0,1.60883,-583,-0.583,1,0.101316,0,-0.373269
163,167,0,1.6187,-582,-0.5822,1,0.0810526,0,-0.634557
164,168,0,1.62857,-581,-0.5816,1,0.0607895,0,-0.783864
165,169,0,1.63844,-581,-0.5812,0,0.0405263,-1,-0.802528
166,170,0,1.64831,-581,-0.5808,0,0.0405263,0,-0.765201
167,171,0,1.65818,-581,-0.5806,0,0.0202632,0,-0.65322
168,172,0,1.66805,-580,-0.5802,1,0.0405263,1,-0.559903
169,173,0,1.67792,-580,-0.5798,0,0.0405263,-1,-0.485249
170,174,0,1.68779,-579,-0.5794,1,0.0405263,1,-0.447922
171,175,0,1.69766,-579,-0.5792,0,0.0202632,-1,-0.466586
172,176,0,1.70753,-579,-0.579,0,0.0202632,0,-0.447922
173,177,0,1.7174,-579,-0.579,0,0,0,-0.59723
174,179,0,1.72727,-579,-0.579,0,0,0,-0.59723
175,180,0,1.73714,-579,-0.579,0,0,0,-0.54124
176,181,0,1.74701,-579,-0.579,0,0,0,-0.429259
177,182,0,1.75688,-579,-0.579,0,0,0,-0.373269
178,183,0,1.76675,-579,-0.5792,0,-0.0202632,0,-0.186634
179,184,0,1.77662,-579,-0.5794,0,-0.0202632,0,-0.186634
180,185,0,1.78649,-580,-0.5796,-1,-0.0202632,-1,-0.167971
181,186,0,1.79636,-580,-0.5798,0,-0.0202632,1,-0.130644
182,187,0,1.80623,-580,-0.58,0,-0.0202632,0,-0.0746537
183,188,0,1.8161,-580,-0.58,0,0,0,5.96046e-09
184,189,0,1.82597,-580,-0.5802,0,-0.0202632,0,-0.0186634
185,190,0,1.83584,-580,-0.5804,0,-0.0202632,0,-0.0373269
186,191,0,1.84571,-581,-0.5806,-1,-0.0202632,-1,-0.0559903
187,192,0,1.85558,-581,-0.5808,0,-0.0202632,1,-0.0746537
188,194,0,1.86545,-581,-0.581,0,-0.0202632,0,-0.0933172
189,195,0,1.87532,-581,-0.5812,0,-0.0202632,0,0.0933172
190,196,0,1.88519,-581,-0.5814,0,-0.0202632,0,0.167971
191,197,0,1.89506,-582,-0.5816,-1,-0.0202632,-1,0.130644
192,198,0,1.90494,-582,-0.5818,0,-0.0202632,1,0.0933172
193,199,0,1.91481,-582,-0.582,0,-0.0202632,0,0.0559903
194,200,0,1.92468,-582,-0.582,0,0,0,0.0186634
195,201,0,1.93455,-582,-0.582,0,0,0,-0.0186634
196,203,0,1.94442,-582,-0.5822,0,-0.0202632,0,0.0373269
197,204,0,1.95429,-582,-0.5824,0,-0.0202632,0,0.0746537
198,205,0,1.96416,-583,-0.5826,-1,-0.0202632,-1,0.0933172
199,206,0,1.97403,-583,-0.5828,0,-0.0202632,1,0
200,207,0,1.9839,-583,-0.583,0,-0.0202632,0,0.0186634
201,208,0,1.99377,-583,-0.583,0,0,0,0.0559903
202,209,0,2.00364,-583,-0.583,0,0,0,0
203,210,0,2.01351,-583,-0.583,0,0,0,-0.0559903
204,211,0,2.02338,-583,-0.5832,0,-0.0202632,0,-0.0186634
205,212,0,2.03325,-583,-0.5834,0,-0.0202632,0,0
206,213,0,2.04312,-584,-0.5836,-1,-0.0202632,-1,2.98023e-09
207,214,0,2.05299,-584,-0.5838,0,-0.0202632,1,0.0933172
208,215,0,2.06286,-584,-0.584,0,-0.0202632,0,0.186634
209,216,0,2.07273,-584,-0.584,0,0,0,0.279952
210,217,0,2.0826,-584,-0.584,0,0,0,0.261288
211,218,0,2.09247,-584,-0.584,0,0,0,0.223961
212,219,0,2.10234,-584,-0.584,0,0,0,0.167971
213,220,0,2.11221,-584,-0.584,0,0,0,0.0933172
214,221,0,2.12208,-584,-0.584,0,0,0,0
215,222,0,2.13195,-584,-0.584,0,0,0,0
216,223,0,2.14182,-584,-0.584,0,0,0,0
217,224,0,2.15169,-584,-0.584,0,0,0,0
218,225,0,2.16156,-584,-0.584,0,0,0,0
219,226,0,2.17143,-584,-0.584,0,0,0,0
220,227,0,2.1813,-584,-0.584,0,0,0,0
221,228,0,2.19117,-584,-0.584,0,0,0,0
222,229,0,2.20104,-584,-0.584,0,0,0,0
223,230,0,2.21091,-584,-0.584,0,0,0,0
224,231,0,2.22078,-584,-0.584,0,0,0,0
225,232,0,2.23065,-584,-0.584,0,0,0,0
226,233,0,2.24052,-584,-0.584,0,0,0,0
227,234,0,2.25039,-584,-0.584,0,0,0,0
228,235,0,2.26026,-584,-0.584,0,0,0,0
229,236,0,2.27013,-584,-0.584,0,0,0,0
230,237,0,2.28,-584,-0.584,0,0,0,0
