index, frame, sample, time, raw[0], cal[0], raw[1], cal[1], raw[2], cal[2]
0,10,0,0.01005,0,0,0,0,0,0
1,11,0,0.0201,0,0,0,0,0,0
2,12,0,0.03015,0,0,0,0,0,0
3,13,0,0.0402,0,0,0,0,0,0
4,14,0,0.05025,0,0,0,0,0,0
5,15,0,0.0603,0,0,0,0,0,0
6,16,0,0.07035,0,0,0,0,0,0
7,17,0,0.0804,0,0,0,0,0,0
8,18,0,0.09045,0,0,0,0,0,0
9,19,0,0.1005,0,0,0,0,0,0
10,20,0,0.11055,0,0,0,0,0,0
11,21,0,0.1206,0,0,0,0,0,0
12,22,0,0.13065,0,0,0,0,0,0
13,23,0,0.1407,0,0,0,0,0,0
14,24,0,0.15075,0,0,0,0,0,0
15,25,0,0.1608,0,0,0,0,0,-0.0900068
16,26,0,0.17085,0,0,0,0,0,-0.252019
17,27,0,0.1809,0,0,0,0,0,-0.468035
18,28,0,0.19095,0,0,0,0,0,-0.810061
19,29,0,0.201,0,0,0,0,0,-1.15209
20,30,0,0.21105,0,-0.0002,0,-0.0199005,0,-1.47611
21,31,0,0.2211,0,-0.0006,0,-0.039801,0,-1.85414
22,33,0,0.23115,-1,-0.0012,-1,-0.0597015,-1,-2.25017
23,34,0,0.2412,-2,-0.0022,-1,-0.0995025,0,-2.53819
24,35,0,0.25125,-3,-0.0034,-1,-0.119403,0,-2.79021
25,36,0,0.2613,-5,-0.0048,-2,-0.139303,-1,-2.88022
26,37,0,0.27135,-6,-0.0066,-1,-0.179104,1,-2.89822
27,38,0,0.2814,-8,-0.0088,-2,-0.218905,-1,-2.93422
28,39,0,0.29145,-11,-0.0112,-3,-0.238806,-1,-2.97022
29,40,0,0.3015,-14,-0.014,-3,-0.278607,0,-3.00623
30,41,0,0.31155,-17,-0.017,-3,-0.298507,0,-3.13224
31,42,0,0.3216,-20,-0.0202,-3,-0.318408,0,-3.13224
32,43,0,0.33165,-23,-0.0238,-3,-0.358209,0,-3.02423
33,44,0,0.3417,-27,-0.0278,-4,-0.39801,-1,-2.93422
34,45,0,0.35175,-32,-0.032,-5,-0.41791,-1,-2.95222
35,46,0,0.3618,-37,-0.0368,-5,-0.477612,0,-2.97022
36,47,0,0.37185,-41,-0.0418,-4,-0.497512,1,-2.89822
37,48,0,0.3819,-47,-0.0468,-6,-0.497512,-2,-2.91622
38,49,0,0.39195,-52,-0.052,-5,-0.517413,1,-2.91622
39,50,0,0.402,-57,-0.0578,-5,-0.577114,0,-2.82621
40,51,0,0.41205,-63,-0.0638,-6,-0.597015,-1,-2.6642
41,52,0,0.4221,-70,-0.07,-7,-0.616915,-1,-2.73621
42,53,0,0.43215,-77,-0.0768,-7,-0.676617,0,-2.75421
43,54,0,0.4422,-83,-0.0838,-6,-0.696517,1,-2.7002
44,55,0,0.45225,-91,-0.0908,-8,-0.696517,-2,-2.6462
45,56,0,0.4623,-98,-0.098,-7,-0.716418,1,-2.7002
46,57,0,0.47235,-105,-0.1056,-7,-0.756219,0,-2.77221
47,58,0,0.4824,-113,-0.1134,-8,-0.776119,-1,-2.75421
48,59,0,0.49245,-121,-0.1216,-8,-0.81592,0,-2.86222
49,60,0,0.5025,-130,-0.1302,-9,-0.855721,-1,-3.00623
50,61,0,0.51255,-139,-0.139,-9,-0.875622,0,-3.06023
51,62,0,0.5226,-148,-0.1482,-9,-0.915423,0,-3.00623
52,63,0,0.53265,-157,-0.1576,-9,-0.935323,0,-2.95222
53,64,0,0.5427,-167,-0.1672,-10,-0.955224,-1,-2.89822
54,65,0,0.55275,-177,-0.1772,-10,-0.995025,0,-2.84421
55,66,0,0.5628,-187,-0.1876,-10,-1.03483,0,-2.98822
56,67,0,0.57285,-198,-0.1982,-11,-1.05473,-1,-3.02423
57,68,0,0.5829,-209,-0.209,-11,-1.07463,0,-3.15024
58,69,0,0.59295,-220,-0.2202,-11,-1.11443,0,-3.16824
59,70,0,0.603,-231,-0.2316,-11,-1.13433,0,-3.16824
60,71,0,0.61305,-243,-0.2436,-12,-1.19403,-1,-3.06023
61,72,0,0.6231,-255,-0.2558,-12,-1.21393,0,-3.06023
62,73,0,0.63315,-269,-0.2684,-14,-1.25373,-2,-2.97022
63,74,0,0.6432,-281,-0.2812,-12,-1.27363,2,-2.88022
64,75,0,0.65325,-294,-0.2944,-13,-1.31343,-1,-2.79021
65,76,0,0.6633,-307,-0.3076,-13,-1.31343,0,-2.52019
66,77,0,0.67335,-321,-0.3212,-14,-1.35323,-1,-2.39418
67,78,0,0.6834,-335,-0.335,-14,-1.37313,0,-2.23217
68,79,0,0.69345,-349,-0.3492,-14,-1.41294,0,-1.96215
69,80,0,0.7035,-363,-0.3636,-14,-1.43284,0,-1.53012
70,81,0,0.71355,-378,-0.378,-15,-1.43284,-1,-1.17009
71,82,0,0.7236,-393,-0.3926,-15,-1.45274,0,-0.0720054
72,83,0,0.73365,-407,-0.4074,-14,-1.47264,1,2.23217
73,84,0,0.7437,-422,-0.422,-15,-1.45274,-1,5.52642
74,85,0,0.75375,-437,-0.4364,-15,-1.43284,0,9.21669
75,86,0,0.7638,-451,-0.4508,-14,-1.43284,1,13.303
76,87,0,0.77385,-465,-0.4638,-14,-1.29353,0,16.8673
77,88,0,0.7839,-479,-0.4736,-14,-0.975124,0,18.9374
78,89,0,0.79395,-487,-0.4802,-8,-0.656716,6,19.4055
79,90,0,0.804,-486,-0.484,1,-0.378109,9,18.6674
80,91,0,0.81405,-484,-0.4846,2,-0.0597015,1,16.5432
81,92,0,0.8241,-484,-0.4836,0,0.0995025,-2,13.051
82,93,0,0.83415,-482,-0.4826,2,0.0995025,2,8.94667
83,94,0,0.8442,-482,-0.4818,0,0.079602,-2,5.3284
84,95,0,0.85425,-481,-0.4808,1,0.0995025,1,2.39418
85,96,0,0.8643,-480,-0.48,1,0.079602,0,0.324024
86,97,0,0.87435,-479,-0.4792,1,0.079602,0,-0.414031
87,98,0,0.8844,-478,-0.4784,1,0.079602,0,-0.39603
88,99,0,0.89445,-478,-0.4776,0,0.079602,-1,-0.432032
89,100,0,0.9045,-477,-0.477,1,0.0597015,1,-0.432032
90,101,0,0.91455,-476,-0.4764,1,0.0597015,0,-0.39603
91,102,0,0.9246,-476,-0.4758,0,0.0597015,-1,-0.414031
92,103,0,0.93465,-475,-0.4752,1,0.0597015,1,-0.486037
93,104,0,0.9447,-475,-0.4748,0,0.039801,-1,-0.504038
94,105,0,0.95475,-474,-0.4742,1,0.0597015,1,-0.558042
95,106,0,0.9648,-474,-0.4738,0,0.039801,-1,-0.648049
96,107,0,0.97485,-473,-0.4734,1,0.039801,1,-0.684051
97,108,0,0.9849,-473,-0.4732,0,0.0199005,-1,-0.66605
98,109,0,0.99495,-473,-0.473,0,0.0199005,0,-0.594045
99,110,0,1.005,-473,-0.473,0,0,0,-0.576043
100,111,0,1.01505,-473,-0.473,0,0,0,-0.414031
101,112,0,1.0251,-473,-0.473,0,0,0,-0.306023
102,113,0,1.03515,-473,-0.473,0,0,0,-0.162012
103,114,0,1.0452,-473,-0.473,0,0,0,-0.180014
104,115,0,1.05525,-473,-0.473,0,0,0,-0.162012
105,116,0,1.0653,-473,-0.473,0,0,0,-0.216016
106,117,0,1.07535,-473,-0.473,0,0,0,-0.252019
107,118,0,1.0854,-473,-0.473,0,0,0,-0.27002
108,119,0,1.09545,-473,-0.4732,0,-0.0199005,0,-0.27002
109,120,0,1.1055,-473,-0.4734,0,-0.0199005,0,-0.252019
110,121,0,1.11555,-474,-0.4736,-1,-0.0199005,-1,-0.216016
111,122,0,1.1256,-474,-0.4738,0,-0.0199005,1,-0.162012
112,123,0,1.13565,-474,-0.474,0,-0.0199005,0,-0.0900068
113,124,0,1.1457,-474,-0.4742,0,-0.0199005,0,0.0900068
114,125,0,1.15575,-474,-0.4744,0,-0.0199005,0,0.162012
115,126,0,1.1658,-475,-0.4746,-1,-0.0199005,-1,0.216016
116,127,0,1.17585,-475,-0.4748,0,-0.0199005,1,0.252019
117,128,0,1.1859,-475,-0.475,0,-0.0199005,0,0.27002
118,129,0,1.19595,-475,-0.475,0,0,0,0.27002
119,130,0,1.206,-475,-0.475,0,0,0,0.252019
120,131,0,1.21605,-475,-0.475,0,0,0,0.216016
121,132,0,1.2261,-475,-0.475,0,0,0,0.162012
122,133,0,1.23615,-475,-0.475,0,0,0,0.0900068
123,134,0,1.2462,-475,-0.475,0,0,0,0
124,135,0,1.25625,-475,-0.475,0,0,0,0
125,136,0,1.2663,-475,-0.475,0,0,0,0
126,137,0,1.27635,-475,-0.475,0,0,0,0
127,138,0,1.2864,-475,-0.475,0,0,0,0
128,139,0,1.29645,-475,-0.475,0,0,0,0
129,140,0,1.3065,-475,-0.475,0,0,0,0
130,141,0,1.31655,-475,-0.475,0,0,0,0
131,142,0,1.3266,-475,-0.475,0,0,0,0
132,143,0,1.33665,-475,-0.475,0,0,0,0
133,144,0,1.3467,-475,-0.475,0,0,0,0
134,145,0,1.35675,-475,-0.475,0,0,0,0
135,146,0,1.3668,-475,-0.475,0,0,0,0
136,147,0,1.37685,-475,-0.475,0,0,0,0
137,148,0,1.3869,-475,-0.475,0,0,0,0
138,149,0,1.39695,-475,-0.475,0,0,0,0
139,150,0,1.407,-475,-0.475,0,0,0,0
140,151,0,1.41705,-475,-0.475,0,0,0,0
141,152,0,1.4271,-475,-0.475,0,0,0,0
142,153,0,1.43715,-475,-0.475,0,0,0,0
143,154,0,1.4472,-475,-0.475,0,0,0,0
144,155,0,1.45725,-475,-0.475,0,0,0,0
145,156,0,1.4673,-475,-0.475,0,0,0,0
146,157,0,1.47735,-475,-0.475,0,0,0,0
147,158,0,1.4874,-475,-0.475,0,0,0,0
148,159,0,1.49745,-475,-0.475,0,0,0,0
149,160,0,1.5075,-475,-0.475,0,0,0,0
150,161,0,1.51755,-475,-0.475,0,0,0,0
151,162,0,1.5276,-475,-0.475,0,0,0,0
152,163,0,1.53765,-475,-0.475,0,0,0,0
153,164,0,1.5477,-475,-0.475,0,0,0,0
154,165,0,1.55775,-475,-0.475,0,0,0,0
155,166,0,1.5678,-475,-0.475,0,0,0,0
156,167,0,1.57785,-475,-0.475,0,0,0,0
157,168,0,1.5879,-475,-0.475,0,0,0,0
158,169,0,1.59795,-475,-0.475,0,0,0,0
159,170,0,1.608,-475,-0.475,0,0,0,0
160,171,0,1.61805,-475,-0.475,0,0,0,0
161,172,0,1.6281,-475,-0.475,0,0,0,0
162,173,0,1.63815,-475,-0.475,0,0,0,0
163,174,0,1.6482,-475,-0.475,0,0,0,0
164,175,0,1.65825,-475,-0.475,0,0,0,0
165,176,0,1.6683,-475,-0.475,0,0,0,0
166,177,0,1.67835,-475,-0.475,0,0,0,0
167,178,0,1.6884,-475,-0.475,0,0,0,0
168,179,0,1.69845,-475,-0.475,0,0,0,0
169,180,0,1.7085,-475,-0.475,0,0,0,0
170,181,0,1.71855,-475,-0.475,0,0,0,0
171,182,0,1.7286,-475,-0.475,0,0,0,0
172,183,0,1.73865,-475,-0.475,0,0,0,0
173,184,0,1.7487,-475,-0.475,0,0,0,0
174,185,0,1.75875,-475,-0.475,0,0,0,0
175,186,0,1.7688,-475,-0.475,0,0,0,0
176,187,0,1.77885,-475,-0.475,0,0,0,0
177,188,0,1.7889,-475,-0.475,0,0,0,0
178,189,0,1.79895,-475,-0.475,0,0,0,0
179,190,0,1.809,-475,-0.475,0,0,0,0
180,191,0,1.81905,-475,-0.475,0,0,0,0
181,192,0,1.8291,-475,-0.475,0,0,0,0
182,193,0,1.83915,-475,-0.475,0,0,0,0
183,194,0,1.8492,-475,-0.475,0,0,0,0
184,195,0,1.85925,-475,-0.475,0,0,0,0
185,196,0,1.8693,-475,-0.475,0,0,0,0
186,197,0,1.87935,-475,-0.475,0,0,0,0
187,198,0,1.8894,-475,-0.475,0,0,0,0
188,199,0,1.89945,-475,-0.475,0,0,0,0
189,200,0,1.9095,-475,-0.475,0,0,0,0
190,201,0,1.91955,-475,-0.475,0,0,0,0
191,202,0,1.9296,-475,-0.475,0,0,0,0
192,203,0,1.93965,-475,-0.475,0,0,0,0
193,204,0,1.9497,-475,-0.475,0,0,0,0
194,205,0,1.95975,-475,-0.475,0,0,0,0
195,206,0,1.9698,-475,-0.475,0,0,0,0
196,207,0,1.97985,-475,-0.475,0,0,0,0
197,208,0,1.9899,-475,-0.475,0,0,0,0
198,209,0,1.99995,-475,-0.475,0,0,0,0
199,210,0,2.01,-475,-0.475,0,0,0,0
