index, frame, sample, time, raw[0], cal[0], raw[1], cal[1], raw[2], cal[2]
0,10,0,0.0100503,0,0,0,0,0,0
1,11,0,0.0201005,0,0,0,0,0,0
2,12,0,0.0301508,0,0,0,0,0,0
3,13,0,0.040201,0,0,0,0,0,0
4,14,0,0.0502513,0,0,0,0,0,0
5,15,0,0.0603015,0,0,0,0,0,0
6,16,0,0.0703518,0,0,0,0,0,0
7,17,0,0.080402,0,0,0,0,0,0
8,18,0,0.0904523,0,0,0,0,0,0
9,19,0,0.100503,0,0,0,0,0,0
10,20,0,0.110553,0,0,0,0,0,0
11,21,0,0.120603,0,0,0,0,0,0
12,22,0,0.130653,0,0,0,0,0,0
13,23,0,0.140704,0,0,0,0,0,0
14,24,0,0.150754,0,0,0,0,0,0
15,25,0,0.160804,0,0,0,0,0,0
16,26,0,0.170854,0,0,0,0,0,0
17,27,0,0.180905,0,0,0,0,0,0
18,28,0,0.190955,0,0,0,0,0,0
19,29,0,0.201005,0,0,0,0,0,0
20,30,0,0.211055,0,0,0,0,0,0
21,31,0,0.221106,0,0,0,0,0,0
22,32,0,0.231156,0,0,0,0,0,0
23,33,0,0.241206,0,0,0,0,0,0
24,34,0,0.251256,0,0,0,0,0,0
25,35,0,0.261307,0,0,0,0,0,0
26,36,0,0.271357,0,0,0,0,0,0
27,37,0,0.281407,0,0,0,0,0,0
28,38,0,0.291457,0,0,0,0,0,0
29,39,0,0.301508,0,0,0,0,0,0
30,39,1,0.311558,0,0,0,0,0,0
31,41,0,0.321608,0,0,0,0,0,0
32,42,0,0.331658,0,0,0,0,0,0
33,43,0,0.341709,0,0,0,0,0,-0.0900023
34,44,0,0.351759,0,0,0,0,0,-0.252006
35,45,0,0.361809,0,0,0,0,0,-0.468012
36,46,0,0.371859,0,0,0,0,0,-0.81002
37,47,0,0.38191,0,0,0,0,0,-1.24203
38,49,0,0.39196,0,-0.0002,0,-0.0199,0,-1.72804
39,50,0,0.40201,0,-0.0006,0,-0.0398,0,-2.23206
40,51,0,0.41206,-1,-0.0012,-1,-0.0597,-1,-2.80807
41,52,0,0.422111,-2,-0.0022,-1,-0.0995,0,-3.31208
42,53,0,0.432161,-3,-0.0036,-1,-0.1393,0,-3.70809
43,53,1,0.442211,-5,-0.0054,-2,-0.1791,-1,-3.9601
44,55,0,0.452261,-7,-0.0076,-2,-0.2189,0,-4.1401
45,56,0,0.462312,-10,-0.0104,-3,-0.2786,-1,-4.23011
46,57,0,0.472362,-13,-0.0136,-3,-0.3184,0,-4.21211
47,58,0,0.482412,-17,-0.0172,-4,-0.3582,-1,-4.26611
48,59,0,0.492462,-21,-0.0212,-4,-0.398,0,-4.28411
49,60,0,0.502513,-25,-0.0256,-4,-0.4378,0,-4.35611
50,61,0,0.512563,-30,-0.0304,-5,-0.4776,-1,-4.37411
51,62,0,0.522613,-35,-0.0356,-5,-0.5174,0,-4.53611
52,63,0,0.532663,-41,-0.0414,-6,-0.5771,-1,-4.64412
53,64,0,0.542714,-47,-0.0476,-6,-0.6169,0,-4.60812
54,64,1,0.552764,-54,-0.0544,-7,-0.6766,-1,-4.53611
55,66,0,0.562814,-61,-0.0616,-7,-0.7164,0,-4.42811
56,67,0,0.572864,-69,-0.0694,-8,-0.7761,-1,-4.28411
57,68,0,0.582915,-77,-0.0776,-8,-0.8159,0,-4.1041
58,69,0,0.592965,-86,-0.086,-9,-0.8358,-1,-4.17611
59,70,0,0.603015,-95,-0.0948,-9,-0.8756,0,-4.19411
60,71,0,0.613065,-103,-0.104,-8,-0.9154,1,-4.26611
61,72,0,0.623116,-113,-0.1136,-10,-0.9552,-2,-4.30211
62,73,0,0.633166,-123,-0.1236,-10,-0.995,0,-4.41011
63,74,0,0.643216,-134,-0.1344,-11,-1.0746,-1,-4.50011
64,75,0,0.653266,-145,-0.1456,-11,-1.1144,0,-4.46411
65,76,0,0.663317,-157,-0.1572,-12,-1.1542,-1,-4.48211
66,77,0,0.673367,-169,-0.1692,-12,-1.194,0,-4.44611
67,78,0,0.683417,-181,-0.1816,-12,-1.2338,0,-4.44611
68,79,0,0.693467,-194,-0.1944,-13,-1.2736,-1,-4.37411
69,80,0,0.703518,-207,-0.2076,-13,-1.3134,0,-4.44611
70,81,0,0.713568,-221,-0.2214,-14,-1.3731,-1,-4.57212
71,82,0,0.723618,-235,-0.2356,-14,-1.4129,0,-4.73412
72,83,0,0.733668,-250,-0.2504,-15,-1.4726,-1,-4.73412
73,84,0,0.743719,-265,-0.2656,-15,-1.5124,0,-4.68012
74,85,0,0.753769,-281,-0.2812,-16,-1.5522,-1,-4.66212
75,86,0,0.763819,-297,-0.2974,-16,-1.6119,0,-4.39211
76,87,0,0.773869,-313,-0.3142,-16,-1.6716,0,-4.19411
77,88,0,0.78392,-331,-0.3312,-18,-1.6915,-2,-3.9781
78,89,0,0.79397,-349,-0.3486,-18,-1.7313,0,-3.76209
79,90,0,0.80402,-366,-0.3666,-17,-1.791,1,-3.47409
80,91,0,0.81407,-384,-0.3846,-18,-1.791,-1,-2.86207
81,92,0,0.824121,-403,-0.403,-19,-1.8308,-1,-1.65604
82,93,0,0.834171,-421,-0.4218,-18,-1.8706,1,-0.126003
83,94,0,0.844221,-441,-0.4408,-20,-1.8905,-2,1.87205
84,95,0,0.854271,-460,-0.46,-19,-1.9104,1,4.17611
85,96,0,0.864322,-479,-0.4788,-19,-1.8706,0,6.22816
86,96,1,0.874372,-499,-0.4962,-20,-1.7313,-1,7.8482
87,98,0,0.884422,-515,-0.5124,-16,-1.6119,4,8.80222
88,99,0,0.894472,-528,-0.5272,-13,-1.4726,3,9.03623
89,99,1,0.904523,-541,-0.5404,-13,-1.3134,0,8.69422
90,101,0,0.914573,-553,-0.5526,-12,-1.2139,1,7.45219
91,102,0,0.924623,-565,-0.5646,-12,-1.194,0,5.90415
92,103,0,0.934673,-576,-0.5764,-11,-1.1741,1,4.50011
93,104,0,0.944724,-588,-0.588,-12,-1.1542,-1,3.24008
94,105,0,0.954774,-600,-0.5992,-12,-1.1144,0,2.32206
95,106,0,0.964824,-611,-0.6106,-11,-1.1343,1,2.59207
96,107,0,0.974874,-621,-0.6216,-10,-1.0945,1,3.45609
97,108,0,0.984925,-633,-0.6324,-12,-1.0746,-2,4.39211
98,109,0,0.994975,-643,-0.643,-10,-1.0547,2,5.16613
99,110,0,1.00503,-654,-0.6534,-11,-1.0348,-1,5.76015
100,110,1,1.01508,-664,-0.6622,-10,-0.8756,1,5.81415
101,112,0,1.02513,-673,-0.67,-9,-0.7761,1,5.09413
102,113,0,1.03518,-677,-0.677,-4,-0.6965,5,4.23011
103,114,0,1.04523,-682,-0.6836,-5,-0.6567,-1,3.24008
104,115,0,1.05528,-689,-0.6898,-7,-0.6169,-2,2.03405
105,116,0,1.06533,-697,-0.6966,-8,-0.6766,-1,0.630016
106,117,0,1.07538,-704,-0.704,-7,-0.7363,1,0.0720018
107,118,0,1.08543,-711,-0.7114,-7,-0.7363,0,-0.144004
108,119,0,1.09548,-719,-0.7186,-8,-0.7164,-1,0.144004
109,120,0,1.10553,-726,-0.7258,-7,-0.7164,1,0.576015
110,121,0,1.11558,-733,-0.733,-7,-0.7164,0,1.36803
111,122,0,1.12563,-740,-0.7396,-7,-0.6567,0,1.89005
112,123,0,1.13568,-747,-0.7462,-7,-0.6567,0,2.52006
113,124,0,1.14573,-752,-0.7524,-5,-0.6169,2,3.33008
114,125,0,1.15578,-759,-0.7586,-7,-0.6169,-2,4.51811
115,126,0,1.16583,-764,-0.7644,-5,-0.5771,2,5.68814
116,127,0,1.17588,-771,-0.77,-7,-0.5572,-2,6.66017
117,128,0,1.18593,-776,-0.7744,-5,-0.4378,2,7.41619
118,129,0,1.19598,-780,-0.7778,-4,-0.3383,1,7.48819
119,130,0,1.20603,-781,-0.7798,-1,-0.199,3,7.20018
120,131,0,1.21608,-781,-0.7808,0,-0.0995,1,6.37216
121,132,0,1.22613,-781,-0.781,0,-0.0199,0,5.22013
122,133,0,1.23618,-781,-0.781,0,0,0,3.67209
123,134,0,1.24623,-781,-0.7812,0,-0.0199,0,2.37606
124,135,0,1.25628,-781,-0.7814,0,-0.0199,0,1.22403
125,136,0,1.26633,-782,-0.7816,-1,-0.0199,-1,0.522013
126,137,0,1.27638,-782,-0.7818,0,-0.0199,1,0.180005
127,138,0,1.28643,-782,-0.782,0,-0.0199,0,0.180005
128,139,0,1.29648,-782,-0.782,0,0,0,0.270007
129,140,0,1.30653,-782,-0.782,0,0,0,0.252006
130,141,0,1.31658,-782,-0.782,0,0,0,0.216005
131,142,0,1.32663,-782,-0.782,0,0,0,0.162004
132,143,0,1.33668,-782,-0.782,0,0,0,0.0900023
133,144,0,1.34673,-782,-0.782,0,0,0,0
134,145,0,1.35678,-782,-0.782,0,0,0,0
135,146,0,1.36683,-782,-0.782,0,0,0,0
136,147,0,1.37688,-782,-0.782,0,0,0,0
137,148,0,1.38693,-782,-0.782,0,0,0,0
138,149,0,1.39698,-782,-0.782,0,0,0,0.0900023
139,150,0,1.40704,-782,-0.782,0,0,0,0.162004
140,151,0,1.41709,-782,-0.782,0,0,0,0.216005
141,152,0,1.42714,-782,-0.782,0,0,0,0.252006
142,153,0,1.43719,-782,-0.782,0,0,0,0.270007
143,154,0,1.44724,-782,-0.7818,0,0.0199,0,0.180005
144,155,0,1.45729,-782,-0.7816,0,0.0199,0,0.180005
145,156,0,1.46734,-781,-0.7814,1,0.0199,1,0.162004
146,157,0,1.47739,-781,-0.7812,0,0.0199,-1,0.126003
147,158,0,1.48744,-781,-0.781,0,0.0199,0,0.0720018
148,159,0,1.49749,-781,-0.781,0,0,0,5.96046e-09
149,160,0,1.50754,-781,-0.7808,0,0.0199,0,-0.0720018
150,161,0,1.51759,-781,-0.7806,0,0.0199,0,-0.126003
151,162,0,1.52764,-780,-0.7804,1,0.0199,1,-0.162004
152,163,0,1.53769,-780,-0.7802,0,0.0199,-1,-0.180005
153,164,0,1.54774,-780,-0.78,0,0.0199,0,-0.180005
154,165,0,1.55779,-780,-0.78,0,0,0,-0.180005
155,166,0,1.56784,-780,-0.78,0,0,0,-0.0900023
156,167,0,1.57789,-780,-0.78,0,0,0,0
157,168,0,1.58794,-780,-0.78,0,0,0,0.180005
158,169,0,1.59799,-780,-0.78,0,0,0,0.342009
159,170,0,1.60804,-780,-0.7798,0,0.0199,0,0.39601
160,171,0,1.61809,-780,-0.7796,0,0.0199,0,0.342009
161,172,0,1.62814,-779,-0.7794,1,0.0199,1,0.360009
162,173,0,1.63819,-779,-0.779,0,0.0398,-1,0.252006
163,174,0,1.64824,-779,-0.7786,0,0.0398,0,0.126003
164,175,0,1.65829,-778,-0.7784,1,0.0199,1,0.0720018
165,176,0,1.66834,-778,-0.7782,0,0.0199,-1,0.0900023
166,177,0,1.67839,-778,-0.7778,0,0.0398,0,0
167,178,0,1.68844,-778,-0.7776,0,0.0199,0,-0.0900023
168,179,0,1.69849,-777,-0.7774,1,0.0199,1,-0.0720018
169,180,0,1.70854,-777,-0.777,0,0.0398,-1,-0.126003
170,181,0,1.71859,-777,-0.7766,0,0.0398,0,-0.162004
171,182,0,1.72864,-776,-0.7764,1,0.0199,1,-0.198005
172,183,0,1.73869,-776,-0.7762,0,0.0199,-1,-0.0360009
173,184,0,1.74874,-776,-0.776,0,0.0199,0,0.0180005
174,185,0,1.75879,-776,-0.776,0,0,0,0.0540014
175,186,0,1.76884,-776,-0.7758,0,0.0199,0,0.0900023
176,187,0,1.77889,-776,-0.7756,0,0.0199,0,0.234006
177,188,0,1.78894,-775,-0.7752,1,0.0398,1,0.180005
178,189,0,1.79899,-775,-0.7748,0,0.0398,-1,0.216005
179,190,0,1.80905,-774,-0.7744,1,0.0398,1,0.234006
180,191,0,1.8191,-774,-0.7742,0,0.0199,-1,0.126003
181,192,0,1.82915,-774,-0.7738,0,0.0398,0,2.98023e-09
182,193,0,1.8392,-774,-0.7736,0,0.0199,0,-0.0360009
183,194,0,1.84925,-773,-0.7732,1,0.0398,1,-0.0720018
184,195,0,1.8593,-773,-0.7728,0,0.0398,-1,-5.96046e-09
185,196,0,1.86935,-772,-0.7724,1,0.0398,1,0.0720018
186,197,0,1.8794,-772,-0.7722,0,0.0199,-1,0.126003
187,198,0,1.88945,-772,-0.7718,0,0.0398,0,0.162004
188,199,0,1.8995,-772,-0.7716,0,0.0199,0,0.180005
189,200,0,1.90955,-771,-0.7712,1,0.0398,1,0.180005
190,201,0,1.9196,-771,-0.7708,0,0.0398,-1,0.180005
191,202,0,1.92965,-770,-0.7702,1,0.0597,1,0.180005
192,203,0,1.9397,-770,-0.7698,0,0.0398,-1,0.108003
193,204,0,1.94975,-769,-0.7692,1,0.0597,1,0.0870022
194,205,0,1.9598,-769,-0.7688,0,0.0398,-1,-0.0321437
195,206,0,1.96985,-768,-0.7684,1,0.0398,1,0.0385724
196,207,0,1.9799,-768,-0.768,0,0.0398,-1,-0.0360009
197,208,0,1.98995,-768,-0.76775,0,0.04975,0,0
198,209,0,2,-767,-0.767667,1,0.0331667,1,-0.0550014
