index, frame, sample, time, raw[0], cal[0], raw[1], cal[1], raw[2], cal[2]
0,10,0,0.0100599,0,0,0,0,0,0
1,11,0,0.0201198,0,0,0,0,0,0
2,12,0,0.0301796,0,0,0,0,0,0
3,13,0,0.0402395,0,0,0,0,0,0
4,14,0,0.0502994,0,0,0,0,0,-0.17966
5,15,0,0.0603593,0,0,0,0,0,-0.413218
6,16,0,0.0704192,0,0,0,0,0,-0.862369
7,17,0,0.080479,0,0,0,0,0,-1.38338
8,18,0,0.0905389,0,0,0,0,0,-2.03016
9,19,0,0.100599,0,-0.0004,0,-0.0397619,0,-2.65897
10,20,0,0.110659,0,-0.001,0,-0.0596429,0,-3.32371
11,21,0,0.120719,-2,-0.0022,-2,-0.119286,-2,-3.79083
12,22,0,0.130778,-3,-0.0038,-1,-0.159048,1,-4.22201
13,23,0,0.140838,-6,-0.006,-3,-0.21869,-2,-4.47354
14,24,0,0.150898,-8,-0.0086,-2,-0.258452,1,-4.50947
15,25,0,0.160958,-11,-0.0118,-3,-0.318095,-1,-4.50947
16,26,0,0.171018,-15,-0.0152,-4,-0.337976,-1,-4.36574
17,27,0,0.181078,-19,-0.0192,-4,-0.397619,0,-4.36574
18,28,0,0.191138,-23,-0.0236,-4,-0.437381,0,-4.40167
19,29,0,0.201198,-28,-0.0284,-5,-0.477143,-1,-4.47354
20,30,0,0.211257,-33,-0.0336,-5,-0.516905,0,-4.4915
21,31,0,0.221317,-39,-0.0392,-6,-0.556667,-1,-4.56337
22,32,0,0.231377,-45,-0.0454,-6,-0.61631,0,-4.4915
23,33,0,0.241437,-51,-0.0522,-6,-0.675952,0,-4.47354
24,34,0,0.251497,-59,-0.0594,-8,-0.715714,-2,-4.50947
25,35,0,0.261557,-67,-0.067,-8,-0.755476,0,-4.4915
26,36,0,0.271617,-75,-0.075,-8,-0.795238,0,-4.50947
27,37,0,0.281677,-83,-0.0834,-8,-0.835,0,-4.45557
28,38,0,0.291737,-91,-0.0922,-8,-0.874762,0,-4.4376
29,39,0,0.301796,-101,-0.1016,-10,-0.934405,-2,-4.38371
30,40,0,0.311856,-111,-0.1114,-10,-0.974167,0,-4.40167
31,41,0,0.321916,-122,-0.1218,-11,-1.03381,-1,-4.47354
32,42,0,0.331976,-132,-0.1326,-10,-1.07357,1,-4.4915
33,43,0,0.342036,-143,-0.1438,-11,-1.11333,-1,-4.45557
34,44,0,0.352096,-155,-0.1552,-12,-1.13321,-1,-4.45557
35,45,0,0.362156,-167,-0.1672,-12,-1.19286,0,-4.4915
36,46,0,0.372216,-179,-0.1798,-12,-1.2525,0,-4.47354
37,47,0,0.382275,-192,-0.1928,-13,-1.29226,-1,-4.50947
38,48,0,0.392335,-206,-0.2062,-14,-1.33202,-1,-4.50947
39,49,0,0.402395,-220,-0.2202,-14,-1.39167,0,-4.56337
40,50,0,0.412455,-234,-0.2346,-14,-1.43143,0,-4.45557
41,51,0,0.422515,-249,-0.2494,-15,-1.47119,-1,-4.38371
42,52,0,0.432575,-264,-0.2646,-15,-1.51095,0,-4.36574
43,53,0,0.442635,-280,-0.2802,-16,-1.55071,-1,-4.40167
44,54,0,0.452695,-296,-0.2964,-16,-1.61036,0,-4.38371
45,55,0,0.462754,-312,-0.313,-16,-1.65012,0,-4.32981
46,56,0,0.472814,-330,-0.33,-18,-1.68988,-2,-4.07828
47,57,0,0.482874,-347,-0.3474,-17,-1.72964,1,-3.66507
48,58,0,0.492934,-365,-0.3654,-18,-1.78929,-1,-3.03626
49,59,0,0.502994,-383,-0.3838,-18,-1.82905,0,-1.88643
50,60,0,0.513054,-402,-0.4024,-19,-1.84893,-1,-0.62881
51,61,0,0.523114,-422,-0.421,-20,-1.84893,-1,0.826437
52,62,0,0.533174,-440,-0.4396,-18,-1.84893,2,2.37151
53,63,0,0.543234,-458,-0.458,-18,-1.82905,0,4.07828
54,64,0,0.553293,-476,-0.4754,-18,-1.72964,0,5.33591
55,65,0,0.563353,-494,-0.4922,-18,-1.67,0,6.25217
56,66,0,0.573413,-509,-0.5082,-15,-1.59048,3,6.75522
57,67,0,0.583473,-524,-0.5234,-15,-1.51095,0,6.98878
58,68,0,0.593533,-538,-0.5374,-14,-1.39167,1,6.62946
59,69,0,0.603593,-552,-0.551,-14,-1.3519,0,6.05455
60,70,0,0.613653,-564,-0.564,-12,-1.29226,2,5.47963
61,71,0,0.623713,-577,-0.5766,-13,-1.2525,-1,4.76099
62,72,0,0.633772,-589,-0.5886,-12,-1.19286,1,4.13218
63,73,0,0.643832,-601,-0.6006,-12,-1.19286,0,3.62913
64,74,0,0.653892,-612,-0.612,-11,-1.13321,1,3.41354
65,75,0,0.663952,-624,-0.6232,-12,-1.11333,-1,3.95252
66,76,0,0.674012,-634,-0.6342,-10,-1.09345,2,5.29997
67,77,0,0.684072,-645,-0.6448,-11,-1.05369,-1,6.93488
68,78,0,0.694132,-656,-0.655,-11,-1.01393,0,9.0369
69,79,0,0.704192,-665,-0.665,-9,-0.994048,2,10.9772
70,80,0,0.714251,-675,-0.673,-10,-0.795238,-1,12.2169
71,81,0,0.724311,-684,-0.6788,-9,-0.576548,1,12.5942
72,83,0,0.734371,-685,-0.683,-1,-0.4175,8,12.1271
73,84,0,0.744431,-685,-0.6852,0,-0.21869,1,10.8515
74,85,0,0.754491,-686,-0.6858,-1,-0.0596429,-1,9.00097
75,86,0,0.764551,-686,-0.6864,0,-0.0596429,1,6.30607
76,87,0,0.774611,-687,-0.687,-1,-0.0596429,-1,3.86269
77,88,0,0.784671,-688,-0.6876,-1,-0.0596429,0,1.86847
78,89,0,0.794731,-688,-0.6884,0,-0.0795238,1,0.395252
79,90,0,0.80479,-689,-0.689,-1,-0.0596429,-1,-0.395252
80,91,0,0.81485,-690,-0.6898,-1,-0.0795238,0,-0.341354
81,92,0,0.82491,-690,-0.6906,0,-0.0795238,1,-0.44915
82,93,0,0.83497,-692,-0.6916,-2,-0.0994048,-2,-0.323388
83,94,0,0.84503,-692,-0.6924,0,-0.0795238,2,-0.35932
84,95,0,0.85509,-694,-0.6934,-2,-0.0994048,-2,-0.44915
85,96,0,0.86515,-694,-0.6942,0,-0.0795238,2,-0.395252
86,97,0,0.87521,-695,-0.6954,-1,-0.119286,-1,-0.305422
87,98,0,0.885269,-696,-0.6962,-1,-0.0795238,0,-0.287456
88,99,0,0.895329,-698,-0.6974,-2,-0.119286,-1,-0.341354
89,100,0,0.905389,-698,-0.6986,0,-0.119286,2,-0.17966
90,101,0,0.915449,-700,-0.6998,-2,-0.119286,-2,-0.017966
91,102,0,0.925509,-701,-0.7008,-1,-0.0994048,1,0.233558
92,103,0,0.935569,-702,-0.702,-1,-0.119286,0,0.26949
93,104,0,0.945629,-703,-0.7032,-1,-0.119286,0,0.664742
94,105,0,0.955689,-704,-0.7042,-1,-0.0994048,0,0.808471
95,106,0,0.965749,-706,-0.705,-2,-0.0795238,-1,0.880335
96,107,0,0.975808,-706,-0.7058,0,-0.0795238,2,0.970165
97,108,0,0.985868,-706,-0.7066,0,-0.0795238,0,1.16779
98,109,0,0.995928,-707,-0.707,-1,-0.0397619,-1,1.16779
99,110,0,1.00599,-708,-0.7074,-1,-0.0397619,0,1.05999
100,111,0,1.01605,-708,-0.7078,0,-0.0397619,1,0.952199
101,112,0,1.02611,-708,-0.708,0,-0.019881,0,0.862369
102,113,0,1.03617,-708,-0.708,0,0,0,0.700674
103,114,0,1.04623,-708,-0.708,0,0,0,0.467116
104,115,0,1.05629,-708,-0.708,0,0,0,0.377286
105,116,0,1.06635,-708,-0.708,0,0,0,0.251524
106,117,0,1.07641,-708,-0.708,0,0,0,0.0898301
107,118,0,1.08647,-708,-0.708,0,0,0,0
108,119,0,1.09653,-708,-0.708,0,0,0,0
109,120,0,1.10659,-708,-0.708,0,0,0,0
110,121,0,1.11665,-708,-0.708,0,0,0,0
111,122,0,1.12671,-708,-0.708,0,0,0,0
112,123,0,1.13677,-708,-0.708,0,0,0,0
113,124,0,1.14683,-708,-0.708,0,0,0,0
114,125,0,1.15689,-708,-0.708,0,0,0,0
115,126,0,1.16695,-708,-0.708,0,0,0,0
116,127,0,1.17701,-708,-0.708,0,0,0,0
117,128,0,1.18707,-708,-0.708,0,0,0,0
118,129,0,1.19713,-708,-0.708,0,0,0,0
119,130,0,1.20719,-708,-0.708,0,0,0,0
120,131,0,1.21725,-708,-0.708,0,0,0,0
121,132,0,1.22731,-708,-0.708,0,0,0,0
122,133,0,1.23737,-708,-0.708,0,0,0,0
123,134,0,1.24743,-708,-0.708,0,0,0,0
124,135,0,1.25749,-708,-0.708,0,0,0,0
125,136,0,1.26754,-708,-0.708,0,0,0,0
126,137,0,1.2776,-708,-0.708,0,0,0,0
127,138,0,1.28766,-708,-0.708,0,0,0,0
128,139,0,1.29772,-708,-0.708,0,0,0,0
129,140,0,1.30778,-708,-0.708,0,0,0,0
130,141,0,1.31784,-708,-0.708,0,0,0,0
131,142,0,1.3279,-708,-0.708,0,0,0,0
132,143,0,1.33796,-708,-0.708,0,0,0,0
133,144,0,1.34802,-708,-0.708,0,0,0,0
134,145,0,1.35808,-708,-0.708,0,0,0,0
135,146,0,1.36814,-708,-0.708,0,0,0,0
136,147,0,1.3782,-708,-0.708,0,0,0,0
137,148,0,1.38826,-708,-0.708,0,0,0,0
138,149,0,1.39832,-708,-0.708,0,0,0,0
139,150,0,1.40838,-708,-0.708,0,0,0,0
140,151,0,1.41844,-708,-0.708,0,0,0,0
141,152,0,1.4285,-708,-0.708,0,0,0,0
142,153,0,1.43856,-708,-0.708,0,0,0,0
143,154,0,1.44862,-708,-0.708,0,0,0,0
144,155,0,1.45868,-708,-0.708,0,0,0,0
145,156,0,1.46874,-708,-0.708,0,0,0,0
146,157,0,1.4788,-708,-0.708,0,0,0,0
147,158,0,1.48886,-708,-0.708,0,0,0,0
148,159,0,1.49892,-708,-0.708,0,0,0,0
149,160,0,1.50898,-708,-0.708,0,0,0,0
150,161,0,1.51904,-708,-0.708,0,0,0,0
151,162,0,1.5291,-708,-0.708,0,0,0,0
152,163,0,1.53916,-708,-0.708,0,0,0,0
153,164,0,1.54922,-708,-0.708,0,0,0,0
154,165,0,1.55928,-708,-0.708,0,0,0,0
155,166,0,1.56934,-708,-0.708,0,0,0,0
156,167,0,1.5794,-708,-0.708,0,0,0,0
157,168,0,1.58946,-708,-0.708,0,0,0,0
158,169,0,1.59952,-708,-0.708,0,0,0,0
159,170,0,1.60958,-708,-0.708,0,0,0,0
160,171,0,1.61964,-708,-0.708,0,0,0,0
161,172,0,1.6297,-708,-0.708,0,0,0,0
162,173,0,1.63976,-708,-0.708,0,0,0,0
163,174,0,1.64982,-708,-0.708,0,0,0,0
164,175,0,1.65988,-708,-0.708,0,0,0,0
165,176,0,1.66994,-708,-0.708,0,0,0,0
166,177,0,1.68,-708,-0.708,0,0,0,0
